0.000519550871104002
0.00141773815266788
0.0038688001222908497
0.006885566981509328
0.006416345946490765
0.006426077801734209
0.006153340917080641
0.008052942110225558
0.00646878220140934
0.0062417760491371155
0.006211976055055857
0.00628394796513021
0.006231768988072872
0.006242037983611226
0.006151099922135472
0.006339580984786153
0.006718390854075551
0.006494482047855854
0.006294413935393095
0.006418647011741996
0.0006595740560442209
0.0015767349395900965
0.004021863918751478
0.006682136794552207
0.006466254126280546
0.006310149095952511
0.00619274377822876
0.008089196868240833
0.0063874260522425175
0.0062989769503474236
0.0062512899748981
0.006357779027894139
0.006227097939699888
0.006267162039875984
0.006220567040145397
0.0063017120119184256
0.00660184002481401
0.006453975802287459
0.006291300058364868
0.006389183923602104
0.0006874639075249434
0.001900139031931758
0.004709579050540924
0.0065892660059034824
0.0064137838780879974
0.006263629999011755
0.006384809967130423
0.008211951004341245
0.0062904388178139925
0.00627575907856226
0.006223517004400492
0.006295182043686509
0.006247080862522125
0.00619535194709897
0.006350759183987975
0.006280532805249095
0.006588384043425322
0.0066825831308960915
0.006091314135119319
0.006431688088923693
0.0008549878839403391
0.002208252204582095
0.0052702759858220816
0.006507896818220615
0.006471514934673905
0.006342928158119321
0.007830312009900808
0.006713981041684747
0.006300712004303932
0.006213054992258549
0.0062640279065817595
0.006296935025602579
0.006208808859810233
0.006190852960571647
0.006387322908267379
0.006429489003494382
0.0065531020518392324
0.006577993975952268
0.006211054977029562
0.00638340599834919
0.0008916440419852734
0.0023510379251092672
0.00571731012314558
0.006345337023958564
0.006488677114248276
0.006150859873741865
0.007928903913125396
0.006623306078836322
0.0063621660228818655
0.006207190919667482
0.006310249911621213
0.006263036979362369
0.00620412384159863
0.0062581629026681185
0.006260243942961097
0.006528588943183422
0.0065036381129175425
0.006550357909873128
0.006194169167429209
0.006375850876793265
0.0010151169262826443
0.0027118781581521034
0.006369219161570072
0.0061639538034796715
0.006560115143656731
0.006148291053250432
0.00796522106975317
0.006390101043507457
0.006315472070127726
0.00626570382155478
0.006325131049379706
0.006232204847037792
0.006180520169436932
0.006344376830384135
0.006191776134073734
0.006648749811574817
0.0065847469959408045
0.006358307087793946
0.0063166150357574224
0.006323740119114518
0.0011079241521656513
0.0028330660425126553
0.006799208931624889
0.00620290101505816
0.006514379056170583
0.006291956175118685
0.007930738851428032
0.00628847093321383
0.00635419599711895
0.006342664826661348
0.006202860036864877
0.006286469055339694
0.006147002102807164
0.006267057033255696
0.0062984260730445385
0.00674836291000247
0.006546193966642022
0.006344205001369119
0.006365375127643347
0.0063405209220945835
0.0011202909518033266
0.0030923320446163416
0.006939968792721629
0.006250448990613222
0.006467823870480061
0.006261616945266724
0.008066389942541718
0.006388326874002814
0.0062760969158262014
0.00634108716621995
0.006211146013811231
0.00630467408336699
0.006173935951665044
0.006218946073204279
0.006401131162419915
0.006604155991226435
0.006584859918802977
0.006281628971919417
0.0063991660717874765
0.00627879798412323
0.0012466271873563528
0.0033531589433550835
0.0069420491345226765
0.006461242912337184
0.006388220004737377
0.006247289013117552
0.008144653169438243
0.006448873085901141
0.006229314021766186
0.006338111823424697
0.006396061973646283
0.0062015720177441835
0.006270195124670863
0.006169869098812342
0.006462085992097855
0.0066503980197012424
0.00651179114356637
0.00629318505525589
0.006329325959086418
0.006299423053860664
0.0012833860237151384
0.003745174966752529
0.006848447024822235
0.006431245012208819
0.006453678943216801
0.006087766960263252
0.008118380792438984
0.006476134993135929
0.0063069958705455065
0.006317967781797051
0.006338025210425258
0.006227497942745686
0.0062433120328933
0.0061935619451105595
0.0064248580019921064
0.00657207309268415
0.006514621898531914
0.006352495867758989
0.006340947933495045
0.006203524069860578
0.0015062829479575157
0.004239471163600683
0.006694529904052615
0.0064962320029735565
0.006309567950665951
0.006188942119479179
0.00810670992359519
0.006345795001834631
0.006291073048487306
0.0062696379609405994
0.006298264022916555
0.006121920887380838
0.006227992940694094
0.006230144063010812
0.006407644134014845
0.00654544890858233
0.006578183965757489
0.006262507056817412
0.006414830917492509
0.005985897034406662
0.001781382830813527
0.004478112095966935
0.006634921999648213
0.0063825128600001335
0.006352783879265189
0.006314137950539589
0.00825795903801918
0.006305663147941232
0.006296420935541391
0.006241582799702883
0.006279866211116314
0.006275685038417578
0.00621799798682332
0.00629268609918654
0.006398922065272927
0.0065369869116693735
0.006633096840232611
0.0061903519090265036
0.006424657069146633
0.005977974971756339
0.0018118298612535
0.0048079718835651875
0.006727669853717089
0.006404821062460542
0.006275641033425927
0.00786346010863781
0.0068029300309717655
0.006203619996085763
0.006324674002826214
0.006318954052403569
0.00620737299323082
0.006243661977350712
0.006196717964485288
0.0063336691819131374
0.006474755937233567
0.006496863905340433
0.006668946938589215
0.00616220710799098
0.006378979189321399
0.005894151981920004
0.002026956994086504
0.005117397056892514
0.006478626048192382
0.0063772250432521105
0.006327698938548565
0.007908375933766365
0.006627249997109175
0.006210658000782132
0.006302739027887583
0.006379249040037394
0.006151346955448389
0.0061916380655020475
0.0061855611857026815
0.006349331000819802
0.006468418054282665
0.006466305116191506
0.006628615083172917
0.006158280884847045
0.006395401898771524
0.005897826049476862
0.002165716141462326
0.005334469024091959
0.006481658201664686
0.006418311037123203
0.0061961580067873
0.007747021969407797
0.006582346046343446
0.006279451074078679
0.006276333937421441
0.00632508797571063
0.00623596110381186
0.006163790822029114
0.006179477088153362
0.006348541006445885
0.0064675838220864534
0.006513352971524
0.0066335799638181925
0.006187839200720191
0.006386804860085249
0.005877003073692322
0.0023445719853043556
0.006032489938661456
0.006325945956632495
0.006540438858792186
0.006206825142726302
0.00796072999946773
0.006488224025815725
0.006335010984912515
0.006234833970665932
0.0063619730062782764
0.006233689840883017
0.006178615847602487
0.006299969973042607
0.006278604036197066
0.006628038128837943
0.006494082044810057
0.0064838039688766
0.006243053125217557
0.006338822189718485
0.005716260056942701
0.0025806899648159742
0.006239034002646804
0.00618372717872262
0.00653036218136549
0.006321968976408243
0.007815275806933641
0.006418150849640369
0.006317295832559466
0.0062871340196579695
0.006320477928966284
0.006190381944179535
0.006152214016765356
0.006349110975861549
0.006249068072065711
0.006651045987382531
0.006463245954364538
0.006377348909154534
0.006320710992440581
0.0063391870353370905
0.0057225958444178104
0.002649853006005287
0.00653827702626586
0.0062044900842010975
0.006527700927108526
0.006218513008207083
0.008013335056602955
0.006463875062763691
0.006329311989247799
0.006313025951385498
0.006322422064840794
0.006335913902148604
0.006101654144003987
0.006333258002996445
0.006266724783927202
0.006675234064459801
0.006538748973980546
0.006338697159662843
0.006330451928079128
0.006358535028994083
0.00545974588021636
0.002861454850062728
0.006836031097918749
0.006249504862353206
0.006487736012786627
0.006151091773062944
0.007994396844878793
0.00650972593575716
0.0063277180306613445
0.0063556579407304525
0.0062868131790310144
0.00623022485524416
0.006180038210004568
0.00622514309361577
0.006343540037050843
0.0066843589302152395
0.006525264121592045
0.006323597859591246
0.006380466045811772
0.006289846962317824
0.005379372974857688
0.007007661042734981
0.006392563926056027
0.006367514142766595
0.006192747037857771
0.008102203020825982
0.006473692134022713
0.0062162920366972685
0.006320515880361199
0.006278607994318008
0.006307129980996251
0.006097880890592933
0.006249418947845697
0.006432663882151246
0.006628298899158835
0.006559948902577162
0.0062883030623197556
0.006382236955687404
0.006287572206929326
0.005221629980951548
0.0030812930781394243
0.0069790000561624765
0.0063838830683380365
0.006465630140155554
0.0062688179314136505
0.007966106990352273
0.006501781055703759
0.006214886903762817
0.006307715084403753
0.006289300974458456
0.006230157101526856
0.006252601044252515
0.0061750151216983795
0.006456532049924135
0.006641069892793894
0.006457570008933544
0.006312821991741657
0.006358932005241513
0.006267779041081667
0.005270965164527297
0.0032505220733582973
0.006822204915806651
0.006458783056586981
0.006391801172867417
0.006291539873927832
0.008023456204682589
0.006496611982584
0.006238551111891866
0.006326186936348677
0.0062966360710561275
0.006199240917339921
0.006201243959367275
0.0062071329448372126
0.006390733877196908
0.006667994894087315
0.006522190058603883
0.006299907108768821
0.00642285798676312
0.006264358991757035
0.00521999504417181
0.0032966649159789085
0.00679799891076982
0.006507502868771553
0.00636699004098773
0.006289019016548991
0.007972121005877852
0.006493513006716967
0.006204518023878336
0.006310118129476905
0.006326636066660285
0.0061771441251039505
0.0062734640669077635
0.0061497860588133335
0.006435408955439925
0.006611483171582222
0.006539624882861972
0.006257503991946578
0.006393576972186565
0.0062990940641611814
0.00523589295335114
0.0035537448711693287
0.006759316893294454
0.006386867957189679
0.006375303957611322
0.00619841692969203
0.007975082844495773
0.006520787952467799
0.006173637928441167
0.006376923061907291
0.006325708003714681
0.006191568914800882
0.006234091008082032
0.006219502072781324
0.006381674902513623
0.00664767692796886
0.006516165100038052
0.006286076037213206
0.0064100041054189205
0.0062461369670927525
0.005274706985801458
0.0036315969191491604
0.006720708915963769
0.0064708630088716745
0.006475585047155619
0.0062246969901025295
0.008049722062423825
0.0064837399404495955
0.006270691053941846
0.006291375029832125
0.006256001070141792
0.006213152082636952
0.006232535000890493
0.006144593004137278
0.006433242931962013
0.0066291699185967445
0.006477928953245282
0.006260900059714913
0.006398175843060017
0.006284572882577777
0.005275398958474398
0.004006925038993359
0.006579648004844785
0.006417747121304274
0.006347420858219266
0.006168048130348325
0.008124645100906491
0.006463326048105955
0.006284147966653109
0.006293315906077623
0.006366763962432742
0.006158920004963875
0.006207630969583988
0.006205956917256117
0.006410428090021014
0.006639441009610891
0.006582771893590689
0.0062857388984411955
0.006375689059495926
0.006039465079084039
0.005003427155315876
0.004042275017127395
0.0066967171151191
0.006425822153687477
0.0063426559790968895
0.006194349145516753
0.008166797924786806
0.006388111971318722
0.0062810080125927925
0.006274932064116001
0.006407528882846236
0.006240735994651914
0.006259535904973745
0.006247259909287095
0.006384338950738311
0.0066365269012749195
0.0064955041743814945
0.00625055399723351
0.00643796194344759
0.0059522350784391165
0.004994011018425226
0.004172278800979257
0.006736986106261611
0.00645788200199604
0.00641095801256597
0.006116087082773447
0.008197718998417258
0.00632845819927752
0.006318998988717794
0.0062533188611269
0.006373170996084809
0.006133476039394736
0.006240500137209892
0.00627225311473012
0.006374631077051163
0.006608124123886228
0.006542962044477463
0.0062326109036803246
0.006449306150898337
0.0059431931003928185
0.004939393140375614
0.0043809369672089815
0.006627073977142572
0.0063625359907746315
0.006339278072118759
0.006281393114477396
0.008116018027067184
0.006361549952998757
0.0062582180835306644
0.006277377950027585
0.00633634882979095
0.0061969340313225985
0.006205294048413634
0.006277631968259811
0.006413860013708472
0.006612240802496672
0.006577617023140192
0.00621755002066493
0.0063874381594359875
0.005953756161034107
0.004991275956854224
0.004382311133667827
0.006599117070436478
0.0063765540253371
0.006410927977412939
0.0063136538956314325
0.008039250038564205
0.0063235771376639605
0.00635770708322525
0.00626005488447845
0.006361465901136398
0.006161778932437301
0.006263317074626684
0.0062233079224824905
0.006383548956364393
0.006662253988906741
0.006512881023809314
0.006235135952010751
0.006438117939978838
0.00592400599271059
0.004960410064086318
0.004441281082108617
0.006721104960888624
0.006411324953660369
0.00636309408582747
0.0061910939402878284
0.008160000899806619
0.006240063114091754
0.006334397010505199
0.006220655981451273
0.006392717827111483
0.006134937983006239
0.006211204919964075
0.0063644228503108025
0.006351951044052839
0.0066690510138869286
0.006554484134539962
0.0061476281844079494
0.006450242828577757
0.005961362039670348
0.004898546962067485
0.004608497954905033
0.006541023030877113
0.00633546500466764
0.0063796930480748415
0.006358623970299959
0.00812152586877346
0.006232179002836347
0.006384331965819001
0.00624478911049664
0.006354898912832141
0.006127569125965238
0.006247366080060601
0.006330023054033518
0.006372214062139392
0.006578693864867091
0.006670946022495627
0.006127427099272609
0.00639994814991951
0.006002502981573343
0.004806771874427795
0.0046832209918648005
0.006650686962530017
0.006378296995535493
0.006231200881302357
0.006327098933979869
0.008103790925815701
0.006259128917008638
0.006356146885082126
0.006264875177294016
0.006311172153800726
0.00622022501192987
0.006202334072440863
0.006304550915956497
0.006400984944775701
0.0066051490139216185
0.006605126895010471
0.006084542954340577
0.006447965977713466
0.005965949036180973
0.0048674719873815775
0.0050260210409760475
0.0065027219243347645
0.006367215886712074
0.0063166311010718346
0.007898938143625855
0.006577140185981989
0.006222976138815284
0.006318178027868271
0.006294558988884091
0.006304339040070772
0.0062879829201847315
0.006151282927021384
0.006381242070347071
0.006482552038505673
0.006566497962921858
0.006478671915829182
0.006197980837896466
0.006412290968000889
0.005909294821321964
0.004383993102237582
0.0050910599529743195
0.006630603922531009
0.0063173589296638966
0.006394604919478297
0.007750038988888264
0.006700074067339301
0.006218944909051061
0.006260850001126528
0.00634914799593389
0.006272168131545186
0.006166341016069055
0.006200358038768172
0.0063145700842142105
0.006514238892123103
0.00652552000246942
0.006527947029098868
0.006159949116408825
0.006341533036902547
0.00588722201064229
0.004412386100739241
0.005262521095573902
0.006527842953801155
0.006444690050557256
0.006302046822384
0.007936981972306967
0.006550961872562766
0.006259848130866885
0.006243217037990689
0.006366187008097768
0.006236047018319368
0.006156728137284517
0.006175193004310131
0.0063657190185040236
0.006509014870971441
0.0065613710321486
0.0064854060765355825
0.0061930830124765635
0.0063918959349393845
0.00575284194201231
0.0044205328449606895
0.0056059048511087894
0.006312086014077067
0.00650583510287106
0.006227044155821204
0.007886815117672086
0.00649392488412559
0.006376946810632944
0.006208390928804874
0.0063674061093479395
0.0062381678726524115
0.006168341031298041
0.0062645599246025085
0.006275716004893184
0.006545672193169594
0.006543929921463132
0.006449408130720258
0.00619934406131506
0.006332194898277521
0.005827553104609251
0.004377472214400768
0.005482381209731102
0.0063332070130854845
0.006513450061902404
0.0062537118792533875
0.00795480515807867
0.006518633104860783
0.00630998401902616
0.006176274968311191
0.0063862851820886135
0.006291173864156008
0.006144117098301649
0.0062526988331228495
0.006275700172409415
0.006554624997079372
0.00658744596876204
0.006450200919061899
0.006193975917994976
0.006393354153260589
0.005781664978712797
0.004423357080668211
0.0056844959035515785
0.006384094012901187
0.0065118540078401566
0.006237691966816783
0.007938785012811422
0.006476277019828558
0.006351164076477289
0.006169202039018273
0.006369860842823982
0.0062702849972993135
0.006157478084787726
0.006299292901530862
0.006263619987294078
0.006577963009476662
0.0065410989336669445
0.006419187877327204
0.006258220877498388
0.006323530105873942
0.005701008019968867
0.004411458969116211
0.004981559002771974
0.006523258052766323
0.006419279845431447
0.006318886997178197
0.006290692836046219
0.008055478101596236
0.006257069064304233
0.0063630950171500444
0.006233653984963894
0.006323026958853006
0.006187124876305461
0.00619950401596725
0.006337875034660101
0.006426825188100338
0.006560517009347677
0.0065710339695215225
0.006119357189163566
0.006453325971961021
0.005856716074049473
0.004833948099985719
0.005919907009229064
0.0062003599014133215
0.006510966923087835
0.006323581095784903
0.007977453991770744
0.006430543027818203
0.006325801834464073
0.006175601156428456
0.0064094532281160355
0.006279689026996493
0.006125431973487139
0.0063056370709091425
0.00623656390234828
0.006650902098044753
0.006481379037722945
0.006418308010324836
0.00627957982942462
0.006327306851744652
0.005680878879502416
0.00441130786202848
0.006122680846601725
0.006145050982013345
0.006562854861840606
0.00630738609470427
0.007986912038177252
0.006508524063974619
0.0062921359203755856
0.006270118989050388
0.006351103074848652
0.0062539828941226006
0.006135490955784917
0.0063550290651619434
0.006170599022880197
0.006736011011525989
0.006532660918310285
0.0062766349874436855
0.006313313031569123
0.006354084005579352
0.005676555912941694
0.004111365880817175
0.006062375847250223
0.0061989109963178635
0.006509215105324984
0.006230475846678019
0.007869818015024066
0.006554370978847146
0.00631707301363349
0.006231928011402488
0.006416542921215296
0.006224274868145585
0.006111834896728396
0.006322346860542893
0.006211169064044952
0.006662277039140463
0.006459941156208515
0.006417052820324898
0.0063105239532887936
0.006351469084620476
0.005664153955876827
0.004237636923789978
0.006323718931525946
0.0062126158736646175
0.006591901881620288
0.006201679818332195
0.008007836993783712
0.0064001998398453
0.006311470177024603
0.006305021001026034
0.006318586179986596
0.0062690009362995625
0.006139703094959259
0.0063462709076702595
0.006274948827922344
0.00665582693181932
0.006559923058375716
0.006307957926765084
0.006298182997852564
0.006371013121679425
0.005514467833563685
0.004104522056877613
0.006203538971021771
0.006241837050765753
0.006549943936988711
0.006268858909606934
0.007936493027955294
0.006468112114816904
0.006355050951242447
0.006287829950451851
0.006325236987322569
0.006263907998800278
0.006130137015134096
0.006295748986303806
0.006254767067730427
0.006713405949994922
0.006542091025039554
0.006290112156420946
0.0063277611043304205
0.00634111394174397
0.005494964076206088
0.004122999031096697
0.006466268096119165
0.006277024978771806
0.006493925815448165
0.006298682885244489
0.007897383999079466
0.006390605820342898
0.006317005027085543
0.006312545156106353
0.0062850299291312695
0.0063146359752863646
0.006129747023805976
0.006271845893934369
0.006268570199608803
0.0067111109383404255
0.006528303027153015
0.0062984570395201445
0.006335938116535544
0.006315728882327676
0.005524913081899285
0.00408994616009295
0.006658256985247135
0.006107711000367999
0.006508709862828255
0.006340968189761043
0.007951183011755347
0.006381071172654629
0.0062749870121479034
0.006400743033736944
0.006214597029611468
0.006175250979140401
0.006113796960562468
0.0063495999202132225
0.006219957023859024
0.006728754844516516
0.006562815047800541
0.006259651854634285
0.006401435937732458
0.006313778925687075
0.005513867130503058
0.004114876966923475
0.006967740133404732
0.006162087898701429
0.006463431054726243
0.006296299863606691
0.008052394958212972
0.006347510032355785
0.006283670198172331
0.006296245148405433
0.006307933013886213
0.006320452084764838
0.006109119160100818
0.006125180050730705
0.006356419995427132
0.0066406941041350365
0.006558421067893505
0.006286186166107655
0.006402973085641861
0.006332223070785403
0.005307252984493971
0.0038544039707630873
0.006672596093267202
0.006138207158073783
0.00648296601139009
0.0063205440528690815
0.008028348907828331
0.006408624118193984
0.0063358331099152565
0.006337244063615799
0.006242498988285661
0.006333051947876811
0.006075700046494603
0.0062825551722198725
0.0062556040938943624
0.006635795114561915
0.006563838105648756
0.00629440788179636
0.006355765042826533
0.006339651998132467
0.0054185050539672375
0.004000077024102211
0.006733093177899718
0.006388963898643851
0.006465876940637827
0.006310506956651807
0.008033813908696175
0.006327555049210787
0.006256897002458572
0.006357686128467321
0.006238744128495455
0.0063594740349799395
0.006054948084056377
0.006232148036360741
0.006367269903421402
0.006657707039266825
0.006607533898204565
0.006246084114536643
0.0064028119668364525
0.006291492143645883
0.005351091967895627
0.003824942046776414
999
Time taken: 0.261153
