0.00014764093793928623
7.430301047861576e-05
5.225394852459431e-05
4.0217069908976555e-05
3.998796455562115e-05
8.219806477427483e-05
0.00010859803296625614
9.245006367564201e-05
9.630713611841202e-05
0.0001349730882793665
0.00022028409875929356
0.0003039240837097168
0.00040561496280133724
0.00041209394112229347
0.000424784142524004
0.00038647791370749474
0.00041198916733264923
0.00041812588460743427
0.0004373560659587383
0.0004238761030137539
9.666080586612225e-05
7.195095531642437e-05
6.620190106332302e-05
6.473110988736153e-05
4.300684668123722e-05
0.00014611589722335339
6.430898793041706e-05
0.00012682704254984856
0.00010297191329300404
0.00012146588414907455
0.0002052769996225834
0.00028472417034208775
0.0003722771070897579
0.0004039269406348467
0.0003955110441893339
0.0003988251555711031
0.0003811381757259369
0.00043345382437109947
0.0004688731860369444
0.0004094440955668688
9.650900028645992e-05
7.921806536614895e-05
5.776900798082352e-05
7.67300371080637e-05
9.261304512619972e-05
9.561399929225445e-05
0.0001380729954689741
6.501399911940098e-05
0.0001407410018146038
0.000140070216730237
0.00016805296763777733
0.000301616033539176
0.00036839605309069157
0.0004116820637136698
0.0004340270534157753
0.00040333298966288567
0.00040211109444499016
0.0004044140223413706
0.00042076106183230877
0.0004004200454801321
0.00011238292790949345
6.969110108911991e-05
0.00010051904246211052
6.700912490487099e-05
5.948892794549465e-05
0.00011025997810065746
0.0001612580381333828
0.00022350088693201542
0.00018784194253385067
0.0002277269959449768
0.0002363759558647871
0.00030575599521398544
0.0003839260898530483
0.00040766410529613495
0.00039674295112490654
0.00038628093898296356
0.0003856578841805458
0.0004183459095656872
0.0004505391698330641
0.0004511629231274128
0.0001296279951930046
5.0707021728158e-05
4.0811020880937576e-05
4.513608291745186e-05
6.976793520152569e-05
0.00010469299741089344
0.0001812581904232502
0.0001306869089603424
0.00013877102173864841
0.0001592880580574274
0.00024643796496093273
0.00031672511249780655
0.00044561480171978474
0.0004027739632874727
0.00039888592436909676
0.0003952481783926487
0.0004121579695492983
0.00038325809873640537
0.000407960033044219
0.00041077309288084507
0.00010010809637606144
7.502082735300064e-05
6.300490349531174e-05
5.0702132284641266e-05
5.1999930292367935e-05
0.0003095860593020916
0.0003531360998749733
0.00040551088750362396
0.0004098140634596348
0.0004404759965837002
0.0004481058567762375
0.0003934388514608145
0.0003919140435755253
0.00044995686039328575
0.0004020680207759142
9.862007573246956e-05
6.442400626838207e-05
4.2005907744169235e-05
4.2672036215662956e-05
6.004609167575836e-05
0.00014844490215182304
0.00017448398284614086
0.00014031794853508472
0.00015950994566082954
0.00021842611022293568
0.00026066694408655167
0.0003313578199595213
0.00044964184053242207
0.00041966792196035385
0.0004169801250100136
0.00038994685746729374
0.000489689176902175
0.0004878588952124119
0.00035031000152230263
0.0004071418661624193
0.00011631101369857788
5.402509123086929e-05
4.725996404886246e-05
5.880999378859997e-05
9.019719436764717e-05
0.00017317291349172592
0.0001583639532327652
0.00019215699285268784
0.000218590022996068
0.00020720390602946281
0.0002659920137375593
0.0003305720165371895
0.0004287571646273136
0.00040129595436155796
0.00042480090633034706
0.000384617131203413
0.00039364700205624104
0.00044616498053073883
0.0003774981014430523
0.0004240551497787237
0.00016252906061708927
0.00018441095016896725
0.0001499708741903305
0.0001478171907365322
0.00021608010865747929
0.00024041207507252693
0.00029677292332053185
0.0004205938894301653
0.0005113531369715929
0.0004137200303375721
0.00041675916872918606
0.00040122494101524353
0.0004427270032465458
0.00040086405351758003
0.000430715037509799
8.308584801852703e-05
5.326000973582268e-05
6.271898746490479e-05
7.233000360429287e-05
7.688789628446102e-05
0.00014309212565422058
0.00013778801076114178
0.0002094591036438942
0.000193858053535223
0.00019591301679611206
0.00030321697704494
0.0003696591593325138
0.00045337900519371033
0.0004325350746512413
0.0003691231831908226
0.00041732494719326496
0.0004052079748362303
0.0004175580106675625
0.0004229191690683365
0.0003892788663506508
0.00010980106890201569
7.791887037456036e-05
5.6156888604164124e-05
9.0352026745677e-05
5.557714030146599e-05
0.00011536991223692894
0.00017405487596988678
0.00018051685765385628
0.00015402794815599918
0.0002463790588080883
0.000266179908066988
0.00033134082332253456
0.00041733402758836746
0.0003930400125682354
0.0004442899953573942
0.0004494190216064453
0.00037682591937482357
0.0004251939244568348
0.00039868103340268135
0.00038794800639152527
0.0001266158651560545
0.0001154639758169651
6.097601726651192e-05
5.756993778049946e-05
8.019502274692059e-05
0.0002534110099077225
0.0003304078709334135
0.00047804880887269974
0.0004152730107307434
0.0004332431126385927
0.00042302394285798073
0.00040285405702888966
0.00042681582272052765
0.0004420829936861992
0.0003991930279880762
0.00011648493818938732
9.131315164268017e-05
9.109708480536938e-05
5.205604247748852e-05
5.451100878417492e-05
5.711102858185768e-05
0.00013476284220814705
0.00014885212294757366
0.00014311214908957481
0.0001787890214473009
0.00025938800536096096
0.00033571990206837654
0.0004288789350539446
0.0004183598794043064
0.000441886018961668
0.0004172858316451311
0.00040750298649072647
0.0004422450438141823
0.00043774000369012356
0.000374907860532403
0.00013865414075553417
6.105611100792885e-05
4.467181861400604e-05
6.603286601603031e-05
6.378022953867912e-05
8.840789087116718e-05
5.687982775270939e-05
8.472893387079239e-05
9.890319779515266e-05
4.729698412120342e-05
0.0002983550075441599
0.0003557838499546051
0.00042197504080832005
0.0004082340747117996
0.00041175796650350094
0.0004080869257450104
0.00040051294490695
0.0004325420595705509
0.0004189140163362026
0.00041123805567622185
0.00010013510473072529
8.584186434745789e-05
6.414391100406647e-05
5.954713560640812e-05
5.483790300786495e-05
0.0001563900150358677
0.00018196506425738335
0.0001550030428916216
0.0001777331344783306
0.00018313899636268616
0.0003351790364831686
0.00036428519524633884
0.0004121121019124985
0.0004485540557652712
0.0003958281595259905
0.0004309299401938915
0.00044414703734219074
0.0004132278263568878
0.00040769902989268303
0.0004054098390042782
0.0001156199723482132
5.835387855768204e-05
5.618389695882797e-05
4.759104922413826e-05
5.5823009461164474e-05
0.00015532993711531162
0.00018960190936923027
0.0001775848213583231
0.00025057094171643257
0.0001927770208567381
0.00031761592254042625
0.0004223110154271126
0.00042686122469604015
0.00040482915937900543
0.000401495024561882
0.00041311001405119896
0.0003827451728284359
0.0004174530040472746
0.0004292489029467106
0.0003721120301634073
0.00010016793385148048
8.021201938390732e-05
6.269197911024094e-05
0.00016111996956169605
0.00014220597222447395
0.00031151389703154564
0.0004260200075805187
0.0004064368549734354
0.0004058519843965769
0.0004390950780361891
0.0003904371988028288
0.0004145549610257149
0.00044922996312379837
0.0003746740985661745
0.00036345398984849453
0.00014091702178120613
4.267296753823757e-05
7.59749673306942e-05
5.584605969488621e-05
6.486312486231327e-05
0.00016095093451440334
0.0001460330095142126
0.00018306891433894634
0.00019257888197898865
0.0002474631182849407
0.00035224691964685917
0.00042330101132392883
0.0004225960001349449
0.0004110308364033699
0.0004111700691282749
0.00038526509888470173
0.00041299196891486645
0.00040333718061447144
0.00039797695353627205
0.00036278320476412773
0.00013982108794152737
4.8312125727534294e-05
4.7898152843117714e-05
3.553810529410839e-05
4.246784374117851e-05
0.000130208907648921
7.504015229642391e-05
0.00011401297524571419
0.00016688206233084202
0.00016399892047047615
0.00031071295961737633
0.00041584111750125885
0.00041306111961603165
0.00043266615830361843
0.0003988130483776331
0.0004654999356716871
0.0004204059951007366
0.0004190008621662855
0.0003773218486458063
0.0003446959890425205
0.00010765600018203259
0.00013882084749639034
8.41338187456131e-05
0.00016133184544742107
0.0001756360288709402
0.00030203606002032757
0.00041064200922846794
0.00040572183206677437
0.000441043172031641
0.00041945488192141056
0.00039569195359945297
0.0003867698833346367
0.0004021609202027321
0.0004483030643314123
0.0003765749279409647
0.00025378097780048847
0.00040562497451901436
0.0004059260245412588
0.00042095594108104706
0.0004070899449288845
0.0004665630403906107
0.0004903858061879873
0.0003825109452009201
0.00041722506284713745
0.0003826210740953684
0.00014085602015256882
6.664195097982883e-05
7.300404831767082e-05
6.440188735723495e-05
5.447608418762684e-05
0.00010980595834553242
0.00016224407590925694
0.0001660478301346302
0.00020969705656170845
0.0002103110309690237
0.00029256194829940796
0.00042154896073043346
0.00039952597580850124
0.0004415190778672695
0.0004036668688058853
0.00040080398321151733
0.0004129679873585701
0.0004169829189777374
0.0004383539780974388
0.00043340702541172504
8.553918451070786e-05
6.932998076081276e-05
4.2862026020884514e-05
6.690691225230694e-05
4.084198735654354e-05
8.600321598351002e-05
0.0001276899129152298
8.268584497272968e-05
0.00012666801922023296
0.00011045485734939575
0.0001742839813232422
0.00017865700647234917
0.0001656319946050644
0.00015626405365765095
0.00022945902310311794
0.00035083387047052383
0.0004329569637775421
0.00038811913691461086
0.0004173540510237217
0.00040247500874102116
0.0004033490549772978
0.0004467959515750408
0.0004047940019518137
0.000386958010494709
0.0003208210691809654
0.00012938817963004112
8.961907587945461e-05
6.547104567289352e-05
7.833517156541348e-05
6.742007099092007e-05
9.01808962225914e-05
6.60920049995184e-05
5.818088538944721e-05
9.690201841294765e-05
0.00011323997750878334
0.0001842158380895853
0.00017008790746331215
0.00018627895042300224
0.0001788840163499117
0.00024615111760795116
0.00036576506681740284
0.0003906560596078634
0.0003981241025030613
0.00043865013867616653
0.00038371398113667965
0.0003938819281756878
0.0004641488194465637
0.0003926260396838188
0.0004443780053406954
0.00033927103504538536
9.244796819984913e-05
8.375011384487152e-05
7.626088336110115e-05
5.940091796219349e-05
7.15379137545824e-05
0.00034584803506731987
0.00044291000813245773
0.00043999706394970417
0.00041747279465198517
0.0003803339786827564
0.0004199179820716381
0.00040958402678370476
0.0004005508963018656
0.0004242758732289076
0.0002997289411723614
0.00018136692233383656
5.294498987495899e-05
7.80599657446146e-05
5.938694812357426e-05
4.496215842664242e-05
6.331200711429119e-05
0.00013348599895834923
6.752810440957546e-05
0.00014514988288283348
8.233916014432907e-05
0.00010177306830883026
0.00016993703320622444
0.000178836053237319
0.00015421700663864613
0.00018753786571323872
0.00036063813604414463
0.0004130860324949026
0.0004403269849717617
0.0004154280759394169
0.00041394983418285847
0.00039375387132167816
0.0004036668688058853
0.0004334910772740841
0.0003870599903166294
0.00030837696976959705
0.00011485815048217773
4.646717570722103e-05
4.2637111619114876e-05
4.094303585588932e-05
7.435795851051807e-05
0.00015904614701867104
0.000149507075548172
0.00019501987844705582
0.00024059507995843887
0.00021407706663012505
0.0004524129908531904
0.00040932511910796165
0.00045040110126137733
0.00040584406815469265
0.0004068249836564064
0.00039941398426890373
0.000459285918623209
0.00041534402407705784
0.00036244909279048443
0.00025231693871319294
0.00011558318510651588
8.604093454778194e-05
4.558800719678402e-05
5.56230079382658e-05
6.075878627598286e-05
0.00014439807273447514
0.00019169598817825317
0.0002508179750293493
0.0002406181301921606
0.00029303901828825474
0.0004203920252621174
0.00042764609679579735
0.00043277000077068806
0.00040647899731993675
0.00039527006447315216
0.0003702291287481785
0.0004130569286644459
0.00040519493632018566
0.0003819619305431843
0.00026481994427740574
0.00010551395826041698
5.102017894387245e-05
6.273598410189152e-05
5.887215957045555e-05
6.007193587720394e-05
8.028000593185425e-05
6.91430177539587e-05
7.316702976822853e-05
4.200800321996212e-05
5.5453041568398476e-05
0.00019084103405475616
0.00014009489677846432
0.000192232895642519
0.00025652023032307625
0.0002252231352031231
0.0003824599552899599
0.0004190949257463217
0.0004284719470888376
0.0003938430454581976
0.00040883105248212814
0.0004644310101866722
0.0004435011651366949
0.0004099118523299694
0.0003818669356405735
0.00028301822021603584
0.00011189701035618782
6.57069031149149e-05
6.462307646870613e-05
7.571699097752571e-05
5.735480226576328e-05
0.0001759480219334364
0.0002065680455416441
0.00020431983284652233
0.00022574304603040218
0.0002191290259361267
0.00042140600271523
0.0004166949074715376
0.00042735994793474674
0.00044247787445783615
0.00042668008245527744
0.00043365219607949257
0.0004334929399192333
0.0003909589722752571
0.00037489691749215126
0.00026472494937479496
9.598187170922756e-05
7.079192437231541e-05
0.00014474382624030113
0.00013161706738173962
0.00013669487088918686
0.00035610422492027283
0.0004131249152123928
0.0004475228488445282
0.0004974149633198977
0.00040380400605499744
0.0004147910512983799
0.0004800159949809313
0.0004283459857106209
0.0003757779486477375
0.00021257903426885605
0.00010254094377160072
4.880991764366627e-05
5.1287002861499786e-05
5.2354997023940086e-05
8.124997839331627e-05
0.00017532100901007652
0.00013430998660624027
0.00016784085892140865
0.00021455599926412106
0.00022300193086266518
0.0003428910858929157
0.0004994070623070002
0.00042212381958961487
0.0003934951964765787
0.000456441892310977
0.00044441595673561096
0.00046540703624486923
0.0004233319777995348
0.0004247028846293688
0.00029240804724395275
0.00012209289707243443
6.345612928271294e-05
6.296904757618904e-05
6.897398270666599e-05
6.34931493550539e-05
0.0001865981612354517
0.00019198213703930378
0.0002159781288355589
0.00021557812578976154
0.00027861003763973713
0.00041855499148368835
0.0004441381897777319
0.00038787582889199257
0.00042613805271685123
0.0004384559579193592
0.00041411491110920906
0.0004568749573081732
0.0003898199647665024
0.0003846408799290657
0.0002499539405107498
0.00014435616321861744
7.685204036533833e-05
4.5181019231677055e-05
4.263990558683872e-05
4.56350389868021e-05
0.00016245897859334946
0.00025522103533148766
0.00018963217735290527
0.00033134291879832745
0.00040391297079622746
0.00039347587153315544
0.00043459702283143997
0.00041455216705799103
0.00042109889909625053
0.0004232299979776144
0.00041743903420865536
0.000446756137534976
0.0003516138531267643
0.00022216490469872952
0.0001219618134200573
9.30901151150465e-05
6.149709224700928e-05
5.886005237698555e-05
6.617489270865917e-05
4.7201989218592644e-05
0.0001831019762903452
0.00026147905737161636
0.0002499101683497429
0.00031244498677551746
0.00040596211329102516
0.00039338599890470505
0.00038697198033332825
0.00044155213981866837
0.0004219959955662489
0.00038184504956007004
0.00045057106763124466
0.00041639688424766064
0.00038676499389111996
0.0002577730920165777
0.0002139359712600708
0.0001831620465964079
8.28851480036974e-05
7.007992826402187e-05
8.776411414146423e-05
5.670101381838322e-05
7.097306661307812e-05
5.079316906630993e-05
5.8304984122514725e-05
7.211999036371708e-05
4.797801375389099e-05
6.594997830688953e-05
0.0001527119893580675
0.00014152494259178638
0.00016759918071329594
0.0001485168468207121
0.0001855448354035616
0.0002640010789036751
0.00028490182012319565
0.0003344840370118618
0.00043422100134193897
0.0004222039133310318
0.0004088659770786762
0.0003738529048860073
0.0003686740528792143
0.0004142599646002054
0.0003965261857956648
0.0004232830833643675
0.0004021718632429838
0.0002142691519111395
0.00012722588144242764
8.854689076542854e-05
4.0072016417980194e-05
8.175498805940151e-05
6.606709212064743e-05
5.4993899539113045e-05
0.0001771370880305767
0.000138178002089262
0.00012703193351626396
0.00018431898206472397
0.00015534297563135624
0.00019500288181006908
0.0002655570860952139
0.00024789804592728615
0.0002853330224752426
0.00039787287823855877
0.000403356971219182
0.00039719208143651485
0.00038797897286713123
0.0004063560627400875
0.0004356738645583391
0.0004286218900233507
0.00041573308408260345
0.0003898139111697674
0.00025252392515540123
0.00025217002257704735
0.00018201814964413643
0.00012165587395429611
0.00017442693933844566
0.00016977288760244846
0.000155680812895298
0.000245662871748209
0.0002761869691312313
0.0003085250500589609
0.00043826806358993053
0.0004220521077513695
0.0004612009506672621
0.0003996121231466532
0.0003780659753829241
0.0004104948602616787
0.0004054289311170578
0.0003979569301009178
0.00036157388240098953
0.0002304979134351015
0.00014834594912827015
6.183702498674393e-05
8.591287769377232e-05
6.664707325398922e-05
4.971399903297424e-05
8.684396743774414e-05
7.269415073096752e-05
0.0002262289635837078
0.00020230188965797424
0.0002879330422729254
0.000360134057700634
0.00041749095544219017
0.0004457728937268257
0.0003950048703700304
0.0004455200396478176
0.0004075199831277132
0.00044953986071050167
0.00041316915303468704
0.0003917720168828964
0.0003045469056814909
0.00022760103456676006
6.127101369202137e-05
9.574415162205696e-05
8.008396252989769e-05
0.00011317804455757141
0.0001069109421223402
0.00010645110160112381
0.0001928890123963356
0.0002858201041817665
0.00036689406260848045
0.0004241359420120716
0.0004134299233555794
0.00037889089435338974
0.0003986051306128502
0.000440648989751935
0.00042465003207325935
0.00042657204903662205
0.0004017970059067011
0.0003133839927613735
0.0001734239049255848
0.00014513195492327213
0.00011982698924839497
6.88750296831131e-05
8.940394036471844e-05
5.8623962104320526e-05
5.6416960433125496e-05
7.552816532552242e-05
5.2492134273052216e-05
6.26749824732542e-05
7.322500459849834e-05
9.570014663040638e-05
0.00018367008306086063
0.0002763899974524975
0.0002912150230258703
0.00030826893635094166
0.0004333129618316889
0.0003950688987970352
0.00042230100370943546
0.0003716149367392063
0.00036705913953483105
0.0004375828430056572
0.00041060009971261024
0.0003840751014649868
0.00029726396314799786
0.00018078205175697803
0.00014441180974245071
9.689712896943092e-05
4.673609510064125e-05
0.00011436012573540211
6.829784251749516e-05
4.394305869936943e-05
0.0002434339839965105
0.0002205302007496357
0.0003048249054700136
0.00040588388219475746
0.0004246670287102461
0.0004056741017848253
0.00039766402915120125
0.0004043290391564369
0.00040625198744237423
0.0004427290987223387
0.00040265615098178387
0.0003708999138325453
0.0002469250466674566
0.0001851909328252077
8.654501289129257e-05
0.00010161218233406544
6.950716488063335e-05
5.829799920320511e-05
0.00013157213106751442
0.0001062129158526659
0.00022804411128163338
0.00022112298756837845
0.00029293098486959934
0.0003706829156726599
0.00041514006443321705
0.0004175831563770771
0.0003899000585079193
0.0004077597986906767
0.0004178062081336975
0.00045607821084558964
0.00040331296622753143
0.0003819270059466362
0.00026589189656078815
0.00021900399588048458
8.174008689820766e-05
0.0001274500973522663
6.583495996892452e-05
9.151198901236057e-05
5.4829055443406105e-05
6.687105633318424e-05
9.467196650803089e-05
8.02949070930481e-05
0.00011192099191248417
5.5277952924370766e-05
5.616503767669201e-05
0.00012403307482600212
0.00014466885477304459
0.00014435499906539917
0.00019362987950444221
0.00018981611356139183
0.00021910900250077248
0.0002930068876594305
0.0003466149792075157
0.000418531009927392
0.00041041383519768715
0.000402144156396389
0.0003921778406947851
0.0003889210056513548
0.0004946212284266949
0.0004206709563732147
0.00038940622471272945
0.0003151530399918556
0.00017651496455073357
0.00010767090134322643
7.951096631586552e-05
7.772492244839668e-05
6.576906889677048e-05
7.143104448914528e-05
7.258285768330097e-05
7.716217078268528e-05
9.529199451208115e-05
5.4623931646347046e-05
4.6712812036275864e-05
6.300490349531174e-05
0.00013234908692538738
0.00023006601259112358
0.00021000299602746964
0.00027952902019023895
0.0003343271091580391
0.0004554120823740959
0.00042395200580358505
0.0004010358825325966
0.0003683620598167181
0.00039990409277379513
0.00044128717854619026
0.00038546090945601463
0.00041079497896134853
0.0003621780779212713
0.00021554692648351192
0.00011203181929886341
0.0002163848839700222
0.0001898268237709999
0.00031419401057064533
0.0004114331677556038
0.00040893605910241604
0.00042384001426398754
0.0004044941160827875
0.00043158605694770813
0.0004924058448523283
0.0003920840099453926
0.0004052319563925266
0.00031498190946877003
0.0001969889272004366
8.225208148360252e-05
8.524185977876186e-05
9.018811397254467e-05
4.39169816672802e-05
5.463999696075916e-05
0.00014375895261764526
6.249616853892803e-05
0.00024229194968938828
0.00026062713004648685
0.00036804494448006153
0.0004102848470211029
0.00040865596383810043
0.00045891711488366127
0.00038199289701879025
0.0004032938741147518
0.00041824416257441044
0.0004486280959099531
0.00042971596121788025
0.0003214580938220024
0.0002311409916728735
0.00010690395720303059
8.713616989552975e-05
0.00013252091594040394
8.698413148522377e-05
4.594284109771252e-05
6.0725025832653046e-05
5.3960131481289864e-05
0.00018725288100540638
0.00023577315732836723
0.00025860010646283627
0.00029779295437037945
0.00047111092135310173
0.00041663600131869316
0.0004276619292795658
0.00037939311005175114
0.00042079691775143147
0.0004459118936210871
0.00043852999806404114
0.00042489590123295784
0.0003093560226261616
0.00016881292685866356
0.00013553909957408905
8.71152151376009e-05
5.467003211379051e-05
8.309492841362953e-05
6.029801443219185e-05
6.617512553930283e-05
0.0002726670354604721
0.000258343992754817
0.0003321950789541006
0.0005013400223106146
0.00038989679887890816
0.00037556886672973633
0.0003928870428353548
0.00040337606333196163
0.00043935817666351795
0.0003797980025410652
0.0004243329167366028
0.0003131181001663208
0.00018104189075529575
0.00010527600534260273
8.376408368349075e-05
0.0002093450166285038
0.00021758303046226501
0.0003486990462988615
0.0003723378758877516
0.000412066001445055
0.0004289839416742325
0.00041510816663503647
0.0004234581720083952
0.000430830055847764
0.0003997690510004759
0.00040983897633850574
0.0003546860534697771
0.00027308007702231407
0.0001719929277896881
6.0333870351314545e-05
999
Time taken: 0.160398
